100
62088
5764
7414
9724
8658
77897
6714
5968
84341
10901
27004
9255
9879
2929
97241
8468
9032
4476
5481
26454
1635
2463
1842
5553
66577
45126
4351
88925
64417
19225
85671
86881
8573
27344
4526
9495
36739
6233
7851
73808
8793
15418
11632
33561
88806
50601
4188
1727
8808
3294
13762
23093
5621
50969
98571
3673
7003
83869
5667
1712
90364
7343
15912
2632
44771
51073
5703
2834
9057
6483
39708
90819
33815
91241
56131
8879
3485
2963
69871
9538
6182
22401
16399
3581
1965
4519
9832
3549
2567
2568
21615
4459
9527
7628
20968
8738
3122
3774
3636
5834
